fidx: -0.2576797385620915
fidy: 0.4306640625
cor: 4