bl_x: -0.24818627450980393
bl_y: 0.45732421874999996