br_x: 0.5106127450980392
br_y: 0.67265625