tl_x: 0.07391339869281045
tl_y: -0.22763671875