tr_x: 0.314640522875817
tr_y: 0.21123046874999998